{
 "cells": [
  {
   "cell_type": "markdown",
   "id": "3d556288",
   "metadata": {},
   "source": [
    "### PCA for Reduced Dimensionality in Clustering"
   ]
  },
  {
   "cell_type": "markdown",
   "id": "a1a7a696",
   "metadata": {},
   "source": [
    "**Loading the image data matrix (with rows as images and columns as features), performing min-max normalization on the data matrix so that each feature is scaled**"
   ]
  },
  {
   "cell_type": "code",
   "execution_count": 1,
   "id": "9b3b1a27",
   "metadata": {},
   "outputs": [],
   "source": [
    "# Importing necessary packages\n",
    "import pandas as pd\n",
    "import numpy as np\n",
    "import pylab as pl\n",
    "import matplotlib.pyplot as plt\n",
    "%matplotlib inline"
   ]
  },
  {
   "cell_type": "code",
   "execution_count": 2,
   "id": "bec63f2b",
   "metadata": {},
   "outputs": [
    {
     "data": {
      "text/html": [
       "<div>\n",
       "<style scoped>\n",
       "    .dataframe tbody tr th:only-of-type {\n",
       "        vertical-align: middle;\n",
       "    }\n",
       "\n",
       "    .dataframe tbody tr th {\n",
       "        vertical-align: top;\n",
       "    }\n",
       "\n",
       "    .dataframe thead th {\n",
       "        text-align: right;\n",
       "    }\n",
       "</style>\n",
       "<table border=\"1\" class=\"dataframe\">\n",
       "  <thead>\n",
       "    <tr style=\"text-align: right;\">\n",
       "      <th></th>\n",
       "      <th>0</th>\n",
       "      <th>1</th>\n",
       "    </tr>\n",
       "  </thead>\n",
       "  <tbody>\n",
       "    <tr>\n",
       "      <th>0</th>\n",
       "      <td>GRASS</td>\n",
       "      <td>0</td>\n",
       "    </tr>\n",
       "    <tr>\n",
       "      <th>1</th>\n",
       "      <td>GRASS</td>\n",
       "      <td>0</td>\n",
       "    </tr>\n",
       "    <tr>\n",
       "      <th>2</th>\n",
       "      <td>GRASS</td>\n",
       "      <td>0</td>\n",
       "    </tr>\n",
       "    <tr>\n",
       "      <th>3</th>\n",
       "      <td>GRASS</td>\n",
       "      <td>0</td>\n",
       "    </tr>\n",
       "    <tr>\n",
       "      <th>4</th>\n",
       "      <td>GRASS</td>\n",
       "      <td>0</td>\n",
       "    </tr>\n",
       "    <tr>\n",
       "      <th>5</th>\n",
       "      <td>GRASS</td>\n",
       "      <td>0</td>\n",
       "    </tr>\n",
       "    <tr>\n",
       "      <th>6</th>\n",
       "      <td>GRASS</td>\n",
       "      <td>0</td>\n",
       "    </tr>\n",
       "    <tr>\n",
       "      <th>7</th>\n",
       "      <td>GRASS</td>\n",
       "      <td>0</td>\n",
       "    </tr>\n",
       "    <tr>\n",
       "      <th>8</th>\n",
       "      <td>GRASS</td>\n",
       "      <td>0</td>\n",
       "    </tr>\n",
       "    <tr>\n",
       "      <th>9</th>\n",
       "      <td>GRASS</td>\n",
       "      <td>0</td>\n",
       "    </tr>\n",
       "  </tbody>\n",
       "</table>\n",
       "</div>"
      ],
      "text/plain": [
       "       0  1\n",
       "0  GRASS  0\n",
       "1  GRASS  0\n",
       "2  GRASS  0\n",
       "3  GRASS  0\n",
       "4  GRASS  0\n",
       "5  GRASS  0\n",
       "6  GRASS  0\n",
       "7  GRASS  0\n",
       "8  GRASS  0\n",
       "9  GRASS  0"
      ]
     },
     "execution_count": 2,
     "metadata": {},
     "output_type": "execute_result"
    }
   ],
   "source": [
    "# Loading the data\n",
    "seg_class = pd.read_csv(\"C:/Users/SRINI/Downloads/segmentation_data/segmentation_classes.txt\",delimiter='\\t', header = None)\n",
    "seg_class.head(10)"
   ]
  },
  {
   "cell_type": "code",
   "execution_count": 3,
   "id": "bcc1feaa",
   "metadata": {},
   "outputs": [
    {
     "data": {
      "text/html": [
       "<div>\n",
       "<style scoped>\n",
       "    .dataframe tbody tr th:only-of-type {\n",
       "        vertical-align: middle;\n",
       "    }\n",
       "\n",
       "    .dataframe tbody tr th {\n",
       "        vertical-align: top;\n",
       "    }\n",
       "\n",
       "    .dataframe thead th {\n",
       "        text-align: right;\n",
       "    }\n",
       "</style>\n",
       "<table border=\"1\" class=\"dataframe\">\n",
       "  <thead>\n",
       "    <tr style=\"text-align: right;\">\n",
       "      <th></th>\n",
       "      <th>0</th>\n",
       "      <th>1</th>\n",
       "      <th>2</th>\n",
       "      <th>3</th>\n",
       "      <th>4</th>\n",
       "      <th>5</th>\n",
       "      <th>6</th>\n",
       "      <th>7</th>\n",
       "      <th>8</th>\n",
       "      <th>9</th>\n",
       "      <th>10</th>\n",
       "      <th>11</th>\n",
       "      <th>12</th>\n",
       "      <th>13</th>\n",
       "      <th>14</th>\n",
       "      <th>15</th>\n",
       "      <th>16</th>\n",
       "      <th>17</th>\n",
       "      <th>18</th>\n",
       "    </tr>\n",
       "  </thead>\n",
       "  <tbody>\n",
       "    <tr>\n",
       "      <th>0</th>\n",
       "      <td>110.0</td>\n",
       "      <td>189.0</td>\n",
       "      <td>9</td>\n",
       "      <td>0.000000</td>\n",
       "      <td>0.0</td>\n",
       "      <td>1.000000</td>\n",
       "      <td>0.666667</td>\n",
       "      <td>1.222222</td>\n",
       "      <td>1.186342</td>\n",
       "      <td>12.925926</td>\n",
       "      <td>10.888889</td>\n",
       "      <td>9.222222</td>\n",
       "      <td>18.666668</td>\n",
       "      <td>-6.111111</td>\n",
       "      <td>-11.111111</td>\n",
       "      <td>17.222221</td>\n",
       "      <td>18.666668</td>\n",
       "      <td>0.508139</td>\n",
       "      <td>1.910864</td>\n",
       "    </tr>\n",
       "    <tr>\n",
       "      <th>1</th>\n",
       "      <td>86.0</td>\n",
       "      <td>187.0</td>\n",
       "      <td>9</td>\n",
       "      <td>0.000000</td>\n",
       "      <td>0.0</td>\n",
       "      <td>1.111111</td>\n",
       "      <td>0.720082</td>\n",
       "      <td>1.444444</td>\n",
       "      <td>0.750309</td>\n",
       "      <td>13.740741</td>\n",
       "      <td>11.666667</td>\n",
       "      <td>10.333334</td>\n",
       "      <td>19.222221</td>\n",
       "      <td>-6.222222</td>\n",
       "      <td>-10.222222</td>\n",
       "      <td>16.444445</td>\n",
       "      <td>19.222221</td>\n",
       "      <td>0.463329</td>\n",
       "      <td>1.941465</td>\n",
       "    </tr>\n",
       "    <tr>\n",
       "      <th>2</th>\n",
       "      <td>225.0</td>\n",
       "      <td>244.0</td>\n",
       "      <td>9</td>\n",
       "      <td>0.000000</td>\n",
       "      <td>0.0</td>\n",
       "      <td>3.388889</td>\n",
       "      <td>2.195113</td>\n",
       "      <td>3.000000</td>\n",
       "      <td>1.520234</td>\n",
       "      <td>12.259259</td>\n",
       "      <td>10.333334</td>\n",
       "      <td>9.333334</td>\n",
       "      <td>17.111110</td>\n",
       "      <td>-5.777778</td>\n",
       "      <td>-8.777778</td>\n",
       "      <td>14.555555</td>\n",
       "      <td>17.111110</td>\n",
       "      <td>0.480149</td>\n",
       "      <td>1.987902</td>\n",
       "    </tr>\n",
       "    <tr>\n",
       "      <th>3</th>\n",
       "      <td>47.0</td>\n",
       "      <td>232.0</td>\n",
       "      <td>9</td>\n",
       "      <td>0.000000</td>\n",
       "      <td>0.0</td>\n",
       "      <td>1.277778</td>\n",
       "      <td>1.254621</td>\n",
       "      <td>1.000000</td>\n",
       "      <td>0.894427</td>\n",
       "      <td>12.703704</td>\n",
       "      <td>11.000000</td>\n",
       "      <td>9.000000</td>\n",
       "      <td>18.111110</td>\n",
       "      <td>-5.111111</td>\n",
       "      <td>-11.111111</td>\n",
       "      <td>16.222221</td>\n",
       "      <td>18.111110</td>\n",
       "      <td>0.500966</td>\n",
       "      <td>1.875362</td>\n",
       "    </tr>\n",
       "    <tr>\n",
       "      <th>4</th>\n",
       "      <td>97.0</td>\n",
       "      <td>186.0</td>\n",
       "      <td>9</td>\n",
       "      <td>0.000000</td>\n",
       "      <td>0.0</td>\n",
       "      <td>1.166667</td>\n",
       "      <td>0.691215</td>\n",
       "      <td>1.166667</td>\n",
       "      <td>1.005540</td>\n",
       "      <td>15.592592</td>\n",
       "      <td>13.888889</td>\n",
       "      <td>11.777778</td>\n",
       "      <td>21.111110</td>\n",
       "      <td>-5.111111</td>\n",
       "      <td>-11.444445</td>\n",
       "      <td>16.555555</td>\n",
       "      <td>21.111110</td>\n",
       "      <td>0.442661</td>\n",
       "      <td>1.863654</td>\n",
       "    </tr>\n",
       "    <tr>\n",
       "      <th>5</th>\n",
       "      <td>157.0</td>\n",
       "      <td>221.0</td>\n",
       "      <td>9</td>\n",
       "      <td>0.000000</td>\n",
       "      <td>0.0</td>\n",
       "      <td>1.055556</td>\n",
       "      <td>0.646930</td>\n",
       "      <td>1.222222</td>\n",
       "      <td>0.620633</td>\n",
       "      <td>12.111111</td>\n",
       "      <td>10.222222</td>\n",
       "      <td>8.111112</td>\n",
       "      <td>18.000000</td>\n",
       "      <td>-5.666666</td>\n",
       "      <td>-12.000000</td>\n",
       "      <td>17.666666</td>\n",
       "      <td>18.000000</td>\n",
       "      <td>0.549180</td>\n",
       "      <td>1.877146</td>\n",
       "    </tr>\n",
       "    <tr>\n",
       "      <th>6</th>\n",
       "      <td>62.0</td>\n",
       "      <td>224.0</td>\n",
       "      <td>9</td>\n",
       "      <td>0.000000</td>\n",
       "      <td>0.0</td>\n",
       "      <td>0.944445</td>\n",
       "      <td>1.083547</td>\n",
       "      <td>2.333334</td>\n",
       "      <td>1.632993</td>\n",
       "      <td>14.629630</td>\n",
       "      <td>13.222222</td>\n",
       "      <td>11.444445</td>\n",
       "      <td>19.222221</td>\n",
       "      <td>-4.222222</td>\n",
       "      <td>-9.555555</td>\n",
       "      <td>13.777778</td>\n",
       "      <td>19.222221</td>\n",
       "      <td>0.408965</td>\n",
       "      <td>1.860191</td>\n",
       "    </tr>\n",
       "    <tr>\n",
       "      <th>7</th>\n",
       "      <td>27.0</td>\n",
       "      <td>248.0</td>\n",
       "      <td>9</td>\n",
       "      <td>0.111111</td>\n",
       "      <td>0.0</td>\n",
       "      <td>1.611111</td>\n",
       "      <td>0.646930</td>\n",
       "      <td>3.166667</td>\n",
       "      <td>1.722401</td>\n",
       "      <td>15.296296</td>\n",
       "      <td>14.777778</td>\n",
       "      <td>12.888889</td>\n",
       "      <td>18.222221</td>\n",
       "      <td>-1.555556</td>\n",
       "      <td>-7.222222</td>\n",
       "      <td>8.777778</td>\n",
       "      <td>18.222221</td>\n",
       "      <td>0.312227</td>\n",
       "      <td>1.783512</td>\n",
       "    </tr>\n",
       "    <tr>\n",
       "      <th>8</th>\n",
       "      <td>44.0</td>\n",
       "      <td>233.0</td>\n",
       "      <td>9</td>\n",
       "      <td>0.000000</td>\n",
       "      <td>0.0</td>\n",
       "      <td>2.222222</td>\n",
       "      <td>2.146487</td>\n",
       "      <td>2.111111</td>\n",
       "      <td>1.327766</td>\n",
       "      <td>14.481482</td>\n",
       "      <td>12.555555</td>\n",
       "      <td>11.333333</td>\n",
       "      <td>19.555555</td>\n",
       "      <td>-5.777778</td>\n",
       "      <td>-9.444445</td>\n",
       "      <td>15.222222</td>\n",
       "      <td>19.555555</td>\n",
       "      <td>0.422174</td>\n",
       "      <td>1.950405</td>\n",
       "    </tr>\n",
       "    <tr>\n",
       "      <th>9</th>\n",
       "      <td>17.0</td>\n",
       "      <td>229.0</td>\n",
       "      <td>9</td>\n",
       "      <td>0.000000</td>\n",
       "      <td>0.0</td>\n",
       "      <td>2.111111</td>\n",
       "      <td>1.985130</td>\n",
       "      <td>2.444445</td>\n",
       "      <td>1.614747</td>\n",
       "      <td>13.703704</td>\n",
       "      <td>11.222222</td>\n",
       "      <td>11.111111</td>\n",
       "      <td>18.777779</td>\n",
       "      <td>-7.444445</td>\n",
       "      <td>-7.777778</td>\n",
       "      <td>15.222222</td>\n",
       "      <td>18.777779</td>\n",
       "      <td>0.439852</td>\n",
       "      <td>2.099905</td>\n",
       "    </tr>\n",
       "  </tbody>\n",
       "</table>\n",
       "</div>"
      ],
      "text/plain": [
       "      0      1   2         3    4         5         6         7         8   \\\n",
       "0  110.0  189.0   9  0.000000  0.0  1.000000  0.666667  1.222222  1.186342   \n",
       "1   86.0  187.0   9  0.000000  0.0  1.111111  0.720082  1.444444  0.750309   \n",
       "2  225.0  244.0   9  0.000000  0.0  3.388889  2.195113  3.000000  1.520234   \n",
       "3   47.0  232.0   9  0.000000  0.0  1.277778  1.254621  1.000000  0.894427   \n",
       "4   97.0  186.0   9  0.000000  0.0  1.166667  0.691215  1.166667  1.005540   \n",
       "5  157.0  221.0   9  0.000000  0.0  1.055556  0.646930  1.222222  0.620633   \n",
       "6   62.0  224.0   9  0.000000  0.0  0.944445  1.083547  2.333334  1.632993   \n",
       "7   27.0  248.0   9  0.111111  0.0  1.611111  0.646930  3.166667  1.722401   \n",
       "8   44.0  233.0   9  0.000000  0.0  2.222222  2.146487  2.111111  1.327766   \n",
       "9   17.0  229.0   9  0.000000  0.0  2.111111  1.985130  2.444445  1.614747   \n",
       "\n",
       "          9          10         11         12        13         14         15  \\\n",
       "0  12.925926  10.888889   9.222222  18.666668 -6.111111 -11.111111  17.222221   \n",
       "1  13.740741  11.666667  10.333334  19.222221 -6.222222 -10.222222  16.444445   \n",
       "2  12.259259  10.333334   9.333334  17.111110 -5.777778  -8.777778  14.555555   \n",
       "3  12.703704  11.000000   9.000000  18.111110 -5.111111 -11.111111  16.222221   \n",
       "4  15.592592  13.888889  11.777778  21.111110 -5.111111 -11.444445  16.555555   \n",
       "5  12.111111  10.222222   8.111112  18.000000 -5.666666 -12.000000  17.666666   \n",
       "6  14.629630  13.222222  11.444445  19.222221 -4.222222  -9.555555  13.777778   \n",
       "7  15.296296  14.777778  12.888889  18.222221 -1.555556  -7.222222   8.777778   \n",
       "8  14.481482  12.555555  11.333333  19.555555 -5.777778  -9.444445  15.222222   \n",
       "9  13.703704  11.222222  11.111111  18.777779 -7.444445  -7.777778  15.222222   \n",
       "\n",
       "          16        17        18  \n",
       "0  18.666668  0.508139  1.910864  \n",
       "1  19.222221  0.463329  1.941465  \n",
       "2  17.111110  0.480149  1.987902  \n",
       "3  18.111110  0.500966  1.875362  \n",
       "4  21.111110  0.442661  1.863654  \n",
       "5  18.000000  0.549180  1.877146  \n",
       "6  19.222221  0.408965  1.860191  \n",
       "7  18.222221  0.312227  1.783512  \n",
       "8  19.555555  0.422174  1.950405  \n",
       "9  18.777779  0.439852  2.099905  "
      ]
     },
     "execution_count": 3,
     "metadata": {},
     "output_type": "execute_result"
    }
   ],
   "source": [
    "seg_data = pd.read_csv(\"C:/Users/SRINI/Downloads/segmentation_data/segmentation_data.txt\", header = None)\n",
    "seg_data.head(10)"
   ]
  },
  {
   "cell_type": "code",
   "execution_count": 4,
   "id": "41fe5792",
   "metadata": {},
   "outputs": [
    {
     "data": {
      "text/html": [
       "<div>\n",
       "<style scoped>\n",
       "    .dataframe tbody tr th:only-of-type {\n",
       "        vertical-align: middle;\n",
       "    }\n",
       "\n",
       "    .dataframe tbody tr th {\n",
       "        vertical-align: top;\n",
       "    }\n",
       "\n",
       "    .dataframe thead th {\n",
       "        text-align: right;\n",
       "    }\n",
       "</style>\n",
       "<table border=\"1\" class=\"dataframe\">\n",
       "  <thead>\n",
       "    <tr style=\"text-align: right;\">\n",
       "      <th></th>\n",
       "      <th>0</th>\n",
       "    </tr>\n",
       "  </thead>\n",
       "  <tbody>\n",
       "    <tr>\n",
       "      <th>0</th>\n",
       "      <td>REGION-CENTROID-COL</td>\n",
       "    </tr>\n",
       "    <tr>\n",
       "      <th>1</th>\n",
       "      <td>REGION-CENTROID-ROW</td>\n",
       "    </tr>\n",
       "    <tr>\n",
       "      <th>2</th>\n",
       "      <td>REGION-PIXEL-COUNT</td>\n",
       "    </tr>\n",
       "    <tr>\n",
       "      <th>3</th>\n",
       "      <td>SHORT-LINE-DENSITY-5</td>\n",
       "    </tr>\n",
       "    <tr>\n",
       "      <th>4</th>\n",
       "      <td>SHORT-LINE-DENSITY-2</td>\n",
       "    </tr>\n",
       "    <tr>\n",
       "      <th>5</th>\n",
       "      <td>VEDGE-MEAN</td>\n",
       "    </tr>\n",
       "    <tr>\n",
       "      <th>6</th>\n",
       "      <td>VEDGE-SD</td>\n",
       "    </tr>\n",
       "    <tr>\n",
       "      <th>7</th>\n",
       "      <td>HEDGE-MEAN</td>\n",
       "    </tr>\n",
       "    <tr>\n",
       "      <th>8</th>\n",
       "      <td>HEDGE-SD</td>\n",
       "    </tr>\n",
       "    <tr>\n",
       "      <th>9</th>\n",
       "      <td>INTENSITY-MEAN</td>\n",
       "    </tr>\n",
       "  </tbody>\n",
       "</table>\n",
       "</div>"
      ],
      "text/plain": [
       "                      0\n",
       "0   REGION-CENTROID-COL\n",
       "1   REGION-CENTROID-ROW\n",
       "2    REGION-PIXEL-COUNT\n",
       "3  SHORT-LINE-DENSITY-5\n",
       "4  SHORT-LINE-DENSITY-2\n",
       "5            VEDGE-MEAN\n",
       "6              VEDGE-SD\n",
       "7            HEDGE-MEAN\n",
       "8              HEDGE-SD\n",
       "9        INTENSITY-MEAN"
      ]
     },
     "execution_count": 4,
     "metadata": {},
     "output_type": "execute_result"
    }
   ],
   "source": [
    "seg_names = pd.read_csv(\"C:/Users/SRINI/Downloads/segmentation_data/segmentation_names.txt\", header = None)\n",
    "seg_names.head(10)"
   ]
  },
  {
   "cell_type": "code",
   "execution_count": 5,
   "id": "ea22552e",
   "metadata": {},
   "outputs": [
    {
     "data": {
      "text/plain": [
       "array([[0.43083004, 0.74166667, 0.        , ..., 0.12371135, 0.50813884,\n",
       "        0.83184923],\n",
       "       [0.33596838, 0.73333333, 0.        , ..., 0.12739322, 0.46332908,\n",
       "        0.83698646],\n",
       "       [0.88537549, 0.97083333, 0.        , ..., 0.11340205, 0.48014903,\n",
       "        0.84478233],\n",
       "       ...,\n",
       "       [0.50197628, 0.625     , 0.        , ..., 0.07216495, 0.5409177 ,\n",
       "        0.17591546],\n",
       "       [0.58893281, 0.6125    , 0.        , ..., 0.08100147, 0.50308645,\n",
       "        0.18478933],\n",
       "       [0.48616601, 0.62916667, 0.        , ..., 0.09646539, 0.4799313 ,\n",
       "        0.17037463]])"
      ]
     },
     "execution_count": 5,
     "metadata": {},
     "output_type": "execute_result"
    }
   ],
   "source": [
    "# Scaling the data\n",
    "from sklearn.preprocessing import MinMaxScaler\n",
    "\n",
    "scaler = MinMaxScaler(feature_range=(0, 1))\n",
    "\n",
    "# Normalizing the data matrix\n",
    "seg_data_norm = scaler.fit_transform(seg_data)\n",
    "\n",
    "seg_data_norm"
   ]
  },
  {
   "cell_type": "markdown",
   "id": "669a9ff5",
   "metadata": {},
   "source": [
    "**Performing Kmeans clustering on the image data using Euclidean distance as distance measure for the clustering.**"
   ]
  },
  {
   "cell_type": "code",
   "execution_count": 6,
   "id": "5aceb8ba",
   "metadata": {},
   "outputs": [
    {
     "data": {
      "text/plain": [
       "array([0, 0, 0, ..., 3, 3, 3], dtype=int64)"
      ]
     },
     "execution_count": 6,
     "metadata": {},
     "output_type": "execute_result"
    }
   ],
   "source": [
    "# Getting actual labels\n",
    "ground_truth = seg_class.iloc[:,1]\n",
    "ground_truth = np.array(ground_truth)\n",
    "ground_truth"
   ]
  },
  {
   "cell_type": "code",
   "execution_count": 7,
   "id": "a6d81b4c",
   "metadata": {},
   "outputs": [
    {
     "name": "stdout",
     "output_type": "stream",
     "text": [
      "7 Cluster Centroids:\n",
      "[0.25610323 0.39346814 0.         0.0745098  0.01911765 0.07734288\n",
      " 0.00410042 0.06057362 0.00496749 0.1481873  0.13808514 0.18515984\n",
      " 0.11853881 0.71690628 0.34401385 0.35545822 0.18541324 0.41198624\n",
      " 0.20188985]\n",
      "\n",
      "\n",
      "[5.35098814e-01 1.50166667e-01 0.00000000e+00 2.77777769e-02\n",
      " 1.66666667e-03 3.02281387e-02 5.42887957e-04 2.67660451e-02\n",
      " 5.86661900e-04 8.23246433e-01 7.79716377e-01 8.94170356e-01\n",
      " 7.88760696e-01 2.70665440e-01 6.66372551e-01 2.89386481e-01\n",
      " 8.94170356e-01 2.11804171e-01 1.25065773e-01]\n",
      "\n",
      "\n",
      "[0.51399369 0.80893659 0.         0.07744108 0.00505051 0.05447376\n",
      " 0.00140719 0.04633498 0.00140097 0.10878994 0.09140296 0.09241408\n",
      " 0.14267644 0.67916102 0.07900179 0.82128688 0.1349008  0.41449132\n",
      " 0.89233263]\n",
      "\n",
      "\n",
      "[0.30250553 0.53086158 0.         0.05225989 0.04661017 0.10081685\n",
      " 0.00942022 0.08397199 0.01104328 0.40060809 0.37034723 0.47246075\n",
      " 0.35303578 0.49714616 0.57088236 0.2130544  0.47246075 0.30226303\n",
      " 0.16387917]\n",
      "\n",
      "\n",
      "[0.75069626 0.5345641  0.         0.04       0.03846154 0.11441942\n",
      " 0.01930058 0.10924032 0.01799891 0.30095534 0.27990775 0.35273819\n",
      " 0.26592001 0.59257176 0.45112399 0.3091578  0.35282202 0.30234249\n",
      " 0.16476413]\n",
      "\n",
      "\n",
      "[0.77067449 0.42521505 0.         0.01397849 0.02258065 0.04023672\n",
      " 0.00298876 0.02312162 0.0020884  0.0411384  0.03500549 0.05834006\n",
      " 0.02876574 0.77847256 0.22393928 0.48650917 0.05929498 0.53818081\n",
      " 0.24396904]\n",
      "\n",
      "\n",
      "[0.25416915 0.45997432 0.         0.02625571 0.01369863 0.03727408\n",
      " 0.00236373 0.02787373 0.00201698 0.02601254 0.01792533 0.04230637\n",
      " 0.01650402 0.7698004  0.21601129 0.50811652 0.04329493 0.80168665\n",
      " 0.18115327]\n",
      "\n",
      "\n",
      "Completeness score: 0.613187012485301\n",
      "Homogeneity score: 0.6115021163370862\n"
     ]
    },
    {
     "name": "stderr",
     "output_type": "stream",
     "text": [
      "C:\\Users\\SRINI\\anaconda3\\envs\\spyder\\lib\\site-packages\\sklearn\\cluster\\_kmeans.py:870: FutureWarning: The default value of `n_init` will change from 10 to 'auto' in 1.4. Set the value of `n_init` explicitly to suppress the warning\n",
      "  warnings.warn(\n"
     ]
    }
   ],
   "source": [
    "from sklearn.cluster import KMeans\n",
    "from sklearn.metrics import completeness_score, homogeneity_score\n",
    "\n",
    "# K-means clustering\n",
    "kmeans = KMeans(n_clusters=7, random_state=42)\n",
    "kmeans.fit(seg_data_norm)\n",
    "\n",
    "# Cluster labels and centroids\n",
    "cluster_lbls = kmeans.labels_\n",
    "cluster_cent = kmeans.cluster_centers_\n",
    "print(\"7 Cluster Centroids:\")\n",
    "\n",
    "for i in cluster_cent:\n",
    "    print(i)\n",
    "    print(\"\\n\")\n",
    "\n",
    "# Compute Completeness and Homogeneity scores\n",
    "completeness = completeness_score(ground_truth, cluster_lbls)\n",
    "homogeneity = homogeneity_score(ground_truth, cluster_lbls)\n",
    "\n",
    "print(\"Completeness score:\", completeness)\n",
    "print(\"Homogeneity score:\", homogeneity)"
   ]
  },
  {
   "cell_type": "markdown",
   "id": "84526a73",
   "metadata": {},
   "source": [
    "**Performing PCA on the normalized image data matrix.** "
   ]
  },
  {
   "cell_type": "code",
   "execution_count": 8,
   "id": "bfb443a3",
   "metadata": {},
   "outputs": [
    {
     "name": "stdout",
     "output_type": "stream",
     "text": [
      "[[ 8.29317897e-02  1.45509262e-03  0.00000000e+00 -1.70431507e-03\n",
      "  -1.05339972e-04 -7.94529927e-05  4.29715112e-04 -2.40780200e-04\n",
      "   1.11085429e-04  4.87627299e-03  4.36002172e-03  5.19708772e-03\n",
      "   5.02563731e-03 -5.12127668e-03  2.69074206e-03  8.68830456e-04\n",
      "   5.29437854e-03 -7.05449978e-03  2.84721323e-03]\n",
      " [ 1.45509262e-03  5.72633497e-02  0.00000000e+00  1.70167006e-03\n",
      "   1.13291382e-03  6.04849780e-04 -5.80370695e-04  2.15023073e-03\n",
      "  -1.73693312e-04 -2.95625796e-02 -2.85332519e-02 -3.32321896e-02\n",
      "  -2.66223856e-02  1.65406151e-02 -2.45789083e-02  2.28203077e-02\n",
      "  -3.11729485e-02  4.55180374e-03  3.67577984e-02]\n",
      " [ 0.00000000e+00  0.00000000e+00  0.00000000e+00  0.00000000e+00\n",
      "   0.00000000e+00  0.00000000e+00  0.00000000e+00  0.00000000e+00\n",
      "   0.00000000e+00  0.00000000e+00  0.00000000e+00  0.00000000e+00\n",
      "   0.00000000e+00  0.00000000e+00  0.00000000e+00  0.00000000e+00\n",
      "   0.00000000e+00  0.00000000e+00  0.00000000e+00]\n",
      " [-1.70431507e-03  1.70167006e-03  0.00000000e+00  1.51464407e-02\n",
      "  -2.81766820e-04 -2.21543913e-04 -1.86014579e-04 -2.00583916e-04\n",
      "  -1.90911260e-04 -6.51576917e-04 -5.67829768e-04 -8.08494451e-04\n",
      "  -5.65019312e-04  7.86290060e-04 -9.06175668e-04  6.61855457e-04\n",
      "  -6.14421964e-04 -1.18531772e-03  3.37738920e-03]\n",
      " [-1.05339972e-04  1.13291382e-03  0.00000000e+00 -2.81766820e-04\n",
      "   1.12527507e-02  2.36488263e-03  9.15643150e-04  2.35850727e-03\n",
      "   1.00489957e-03 -4.94416999e-04 -6.21265205e-04 -2.46470619e-04\n",
      "  -6.34083123e-04 -7.18371026e-04  1.07147751e-03 -9.97550401e-04\n",
      "  -3.40944185e-04  7.08443131e-04 -2.19139022e-03]\n",
      " [-7.94529927e-05  6.04849780e-04  0.00000000e+00 -2.21543913e-04\n",
      "   2.36488263e-03  8.22026860e-03  2.65360541e-03  3.81476300e-03\n",
      "   1.70353755e-03 -1.39040325e-05 -2.56503928e-04  3.90098239e-04\n",
      "  -2.08166780e-04 -1.67113270e-03  1.93307149e-03 -1.41818527e-03\n",
      "   3.23074650e-04 -1.28222330e-03 -2.27660219e-03]\n",
      " [ 4.29715112e-04 -5.80370695e-04  0.00000000e+00 -1.86014579e-04\n",
      "   9.15643150e-04  2.65360541e-03  2.05798816e-03  1.60195606e-03\n",
      "   1.19283281e-03 -7.45283451e-07 -5.71127531e-05  4.78947355e-05\n",
      "   1.98722813e-06 -3.89076354e-04  2.32952513e-04  1.99910481e-05\n",
      "   2.09266793e-05  3.82532126e-05 -7.20235045e-04]\n",
      " [-2.40780200e-04  2.15023073e-03  0.00000000e+00 -2.00583916e-04\n",
      "   2.35850727e-03  3.81476300e-03  1.60195606e-03  6.02005902e-03\n",
      "   2.00727485e-03  6.17998310e-04  4.38907300e-04  9.02452317e-04\n",
      "   4.88203848e-04 -1.43409087e-03  1.50951007e-03 -9.76111635e-04\n",
      "   8.53559681e-04 -2.23099288e-03 -1.89131614e-03]\n",
      " [ 1.11085429e-04 -1.73693312e-04  0.00000000e+00 -1.90911260e-04\n",
      "   1.00489957e-03  1.70353755e-03  1.19283281e-03  2.00727485e-03\n",
      "   1.48766476e-03  8.75345145e-05  3.48355357e-05  1.35902928e-04\n",
      "   8.68885469e-05 -3.91903186e-04  2.52526315e-04 -8.70447162e-06\n",
      "   1.09885848e-04 -1.99144700e-04 -7.24733645e-04]\n",
      " [ 4.87627299e-03 -2.95625796e-02  0.00000000e+00 -6.51576917e-04\n",
      "  -4.94416999e-04 -1.39040325e-05 -7.45283451e-07  6.17998310e-04\n",
      "   8.75345145e-05  7.06783979e-02  6.77247527e-02  7.63371872e-02\n",
      "   6.74194704e-02 -4.29484950e-02  4.38356134e-02 -2.70206406e-02\n",
      "   7.53886480e-02 -3.68713396e-02 -2.26044039e-02]\n",
      " [ 4.36002172e-03 -2.85332519e-02  0.00000000e+00 -5.67829768e-04\n",
      "  -6.21265205e-04 -2.56503928e-04 -5.71127531e-05  4.38907300e-04\n",
      "   3.48355357e-05  6.77247527e-02  6.51411208e-02  7.29155960e-02\n",
      "   6.46098489e-02 -3.94506189e-02  4.08943249e-02 -2.58342390e-02\n",
      "   7.19869124e-02 -3.59045524e-02 -2.16066852e-02]\n",
      " [ 5.19708772e-03 -3.32321896e-02  0.00000000e+00 -8.08494451e-04\n",
      "  -2.46470619e-04  3.90098239e-04  4.78947355e-05  9.02452317e-04\n",
      "   1.35902928e-04  7.63371872e-02  7.29155960e-02  8.31507210e-02\n",
      "   7.22972653e-02 -4.79857873e-02  5.07083735e-02 -3.29824191e-02\n",
      "   8.18727626e-02 -3.91214031e-02 -2.86613190e-02]\n",
      " [ 5.02563731e-03 -2.66223856e-02  0.00000000e+00 -5.65019312e-04\n",
      "  -6.34083123e-04 -2.08166780e-04  1.98722813e-06  4.88203848e-04\n",
      "   8.68885469e-05  6.74194704e-02  6.46098489e-02  7.22972653e-02\n",
      "   6.48537493e-02 -4.09140703e-02  3.93217121e-02 -2.18093228e-02\n",
      "   7.16797836e-02 -3.53621282e-02 -1.71177964e-02]\n",
      " [-5.12127668e-03  1.65406151e-02  0.00000000e+00  7.86290060e-04\n",
      "  -7.18371026e-04 -1.67113270e-03 -3.89076354e-04 -1.43409087e-03\n",
      "  -3.91903186e-04 -4.29484950e-02 -3.94506189e-02 -4.79857873e-02\n",
      "  -4.09140703e-02  3.78606814e-02 -3.42995063e-02  1.68145249e-02\n",
      "  -4.75460385e-02  1.84403772e-02  1.41024357e-02]\n",
      " [ 2.69074206e-03 -2.45789083e-02  0.00000000e+00 -9.06175668e-04\n",
      "   1.07147751e-03  1.93307149e-03  2.32952513e-04  1.50951007e-03\n",
      "   2.52526315e-04  4.38356134e-02  4.08943249e-02  5.07083735e-02\n",
      "   3.93217121e-02 -3.42995063e-02  4.33065729e-02 -3.49640439e-02\n",
      "   4.89051848e-02 -1.95034133e-02 -3.43757168e-02]\n",
      " [ 8.68830456e-04  2.28203077e-02  0.00000000e+00  6.61855457e-04\n",
      "  -9.97550401e-04 -1.41818527e-03  1.99910481e-05 -9.76111635e-04\n",
      "  -8.70447162e-06 -2.70206406e-02 -2.58342390e-02 -3.29824191e-02\n",
      "  -2.18093228e-02  1.68145249e-02 -3.49640439e-02  3.92919387e-02\n",
      "  -3.05213091e-02  1.27018195e-02  4.11014298e-02]\n",
      " [ 5.29437854e-03 -3.11729485e-02  0.00000000e+00 -6.14421964e-04\n",
      "  -3.40944185e-04  3.23074650e-04  2.09266793e-05  8.53559681e-04\n",
      "   1.09885848e-04  7.53886480e-02  7.19869124e-02  8.18727626e-02\n",
      "   7.16797836e-02 -4.75460385e-02  4.89051848e-02 -3.05213091e-02\n",
      "   8.08373067e-02 -3.91215678e-02 -2.50157511e-02]\n",
      " [-7.05449978e-03  4.55180374e-03  0.00000000e+00 -1.18531772e-03\n",
      "   7.08443131e-04 -1.28222330e-03  3.82532126e-05 -2.23099288e-03\n",
      "  -1.99144700e-04 -3.68713396e-02 -3.59045524e-02 -3.91214031e-02\n",
      "  -3.53621282e-02  1.84403772e-02 -1.95034133e-02  1.27018195e-02\n",
      "  -3.91215678e-02  5.21928320e-02 -3.42898581e-03]\n",
      " [ 2.84721323e-03  3.67577984e-02  0.00000000e+00  3.37738920e-03\n",
      "  -2.19139022e-03 -2.27660219e-03 -7.20235045e-04 -1.89131614e-03\n",
      "  -7.24733645e-04 -2.26044039e-02 -2.16066852e-02 -2.86613190e-02\n",
      "  -1.71177964e-02  1.41024357e-02 -3.43757168e-02  4.11014298e-02\n",
      "  -2.50157511e-02 -3.42898581e-03  6.72118585e-02]]\n"
     ]
    }
   ],
   "source": [
    "X = np.mat(seg_data_norm)\n",
    "meanVals = X.mean(axis=0)\n",
    "\n",
    "# Centered matrix\n",
    "A = X - meanVals\n",
    "\n",
    "# Covariance matrix\n",
    "C = np.cov(A, rowvar=0)    \n",
    "print(C)"
   ]
  },
  {
   "cell_type": "code",
   "execution_count": 9,
   "id": "3c1b5626",
   "metadata": {},
   "outputs": [
    {
     "name": "stdout",
     "output_type": "stream",
     "text": [
      "Sorted Eigen Values:\n",
      "[4.78977925e-01 1.04111694e-01 7.98670006e-02 3.58442302e-02\n",
      " 2.79853268e-02 1.56837212e-02 1.49258576e-02 1.27440488e-02\n",
      " 8.40658362e-03 5.61178073e-03 3.09411514e-03 1.24252859e-03\n",
      " 3.85893692e-04 2.47845811e-05 2.05722862e-16 1.32242989e-16\n",
      " 1.19706167e-16 8.22313156e-17 0.00000000e+00]\n",
      "Sorted Eigen Vectors:\n",
      "[[ 3.00799647e-02 -1.87585464e-01  0.00000000e+00 -5.39702065e-03\n",
      "  -4.11374144e-04  3.91583879e-03  8.76745722e-04  5.44932759e-03\n",
      "   1.16892052e-03  3.77712234e-01  3.60493683e-01  4.14230637e-01\n",
      "   3.55031196e-01 -2.39425062e-01  2.64348427e-01 -1.82854510e-01\n",
      "   4.06079990e-01 -1.96584702e-01 -1.71427257e-01]\n",
      " [-3.48148525e-01 -3.84379820e-01  0.00000000e+00 -2.94801796e-02\n",
      "   2.21840647e-02  1.74985131e-02  6.27908825e-03  9.64666549e-04\n",
      "   4.64305337e-03 -1.09753122e-01 -1.06515216e-01 -6.74849642e-02\n",
      "  -1.57435282e-01  5.73777975e-02  1.76635398e-01 -3.43253489e-01\n",
      "  -1.04222891e-01  3.14871256e-01 -6.43632311e-01]\n",
      " [ 9.34838934e-01 -1.21941140e-01  0.00000000e+00 -4.15096944e-02\n",
      "   1.11343314e-02  9.53670113e-03  9.15524077e-03 -1.13331964e-03\n",
      "   4.09534223e-03 -6.35360950e-02 -6.60730050e-02 -4.43855602e-02\n",
      "  -8.12670377e-02  2.74818488e-03  7.67629680e-02 -1.26606356e-01\n",
      "  -5.96419057e-02  8.44765257e-02 -2.44063663e-01]\n",
      " [ 3.75409828e-02 -6.63074368e-01  0.00000000e+00 -3.03057151e-02\n",
      "  -1.00376795e-01 -1.23146961e-01 -1.32703576e-02 -1.38632117e-01\n",
      "  -2.19062564e-02  8.53932902e-02  9.00708735e-02  2.53097636e-02\n",
      "   1.44357048e-01  5.06372967e-03 -2.67783825e-01  4.26759184e-01\n",
      "   4.20609697e-02  4.23683224e-01  2.02165671e-01]\n",
      " [ 8.30531906e-03  4.70846969e-01  0.00000000e+00 -5.74028009e-02\n",
      "   8.94545373e-02  3.10570793e-02  7.62047102e-03  3.06296263e-02\n",
      "   8.56575954e-03  4.78720303e-02 -5.94420718e-03  8.26613466e-02\n",
      "   6.27353086e-02 -3.86966050e-01  1.78063479e-01  1.06375427e-01\n",
      "   9.73717868e-02  7.41302428e-01 -5.61276607e-03]\n",
      " [-2.58116047e-02 -1.44056772e-01  0.00000000e+00 -5.97016345e-01\n",
      "   4.43042769e-01  4.22278035e-01  1.82466682e-01  3.34362329e-01\n",
      "   1.58764544e-01 -2.06560598e-02 -4.00952623e-02 -2.88647653e-02\n",
      "   6.76148276e-03 -1.27671175e-01 -4.42283706e-02  2.01187597e-01\n",
      "  -2.49436280e-02 -1.21206745e-01 -1.70246278e-02]\n",
      " [ 7.95965273e-03 -2.43844851e-01  0.00000000e+00  7.22558244e-01\n",
      "   2.79803241e-01  2.99983330e-01  1.17432509e-01  1.90928828e-01\n",
      "   9.16879474e-02 -8.15863634e-02 -1.29683082e-01 -4.09606132e-02\n",
      "  -7.81999553e-02 -3.06161913e-01  1.75424051e-01  2.84484682e-02\n",
      "  -2.83998176e-02 -3.12618335e-02  1.81896262e-01]\n",
      " [ 3.42592493e-02  2.15271378e-01  0.00000000e+00  3.23151936e-01\n",
      "   3.21841104e-01  1.09103314e-01  6.77932894e-02  1.64818417e-01\n",
      "   7.15269571e-02  1.58312091e-01  2.38187138e-01  6.61739800e-02\n",
      "   1.78765036e-01  5.01167973e-01 -4.04176405e-01  1.42170595e-01\n",
      "   5.53921823e-02  1.33722667e-01 -3.49102845e-01]\n",
      " [-9.72878569e-05  5.68925621e-02  0.00000000e+00  5.58992015e-02\n",
      "  -7.72114694e-01  4.39964544e-01  1.82626032e-01  2.85023864e-01\n",
      "   1.26837231e-01  1.13682906e-02  4.69564024e-03 -5.24870738e-03\n",
      "   3.53567569e-02 -4.97129277e-02 -7.69560355e-02  1.74684561e-01\n",
      "  -4.08070298e-03 -8.65684923e-03 -1.81111069e-01]\n",
      " [-2.15379550e-02  7.39103350e-02  0.00000000e+00  8.35115208e-02\n",
      "   4.98593788e-02 -3.38553625e-01 -1.41940623e-01 -1.73112598e-02\n",
      "  -5.39240980e-02 -5.09235627e-02 -1.13959428e-01 -6.42763584e-02\n",
      "   2.39176050e-02 -4.19124742e-01 -7.60411151e-02  5.48929440e-01\n",
      "  -7.10364332e-02 -2.95510007e-01 -5.01211461e-01]\n",
      " [-6.51271087e-03  6.13738517e-02  0.00000000e+00  7.97329211e-03\n",
      "   6.64720474e-02  5.50632159e-01  5.11508212e-02 -7.71001716e-01\n",
      "  -2.41697112e-01  1.86255134e-03 -4.16327492e-03 -6.07748272e-03\n",
      "   1.60595015e-02 -4.22127888e-02 -3.76156919e-02  1.03604155e-01\n",
      "  -7.05269925e-03 -6.39505052e-02 -1.21035834e-01]\n",
      " [ 8.59787042e-03 -4.16997212e-02  0.00000000e+00 -6.71024629e-03\n",
      "  -2.88920333e-03  2.80931237e-01 -7.69040348e-01  2.92612598e-01\n",
      "  -4.89229779e-01  3.60279556e-03  7.49606617e-03 -2.25667621e-04\n",
      "   3.90483236e-03  2.57403237e-02 -1.74975610e-02  2.04196406e-03\n",
      "   1.57024239e-02  3.09030394e-02  2.36975957e-02]\n",
      " [-1.11883448e-03 -6.25698845e-03  0.00000000e+00 -2.04414896e-03\n",
      "   8.54874270e-03 -1.13511161e-01  5.48050948e-01  2.06778433e-01\n",
      "  -8.02409855e-01 -1.09960134e-03 -1.40614657e-03 -9.45138197e-04\n",
      "  -9.66614141e-04 -1.76623503e-03  4.80355070e-04  1.02160987e-03\n",
      "   1.47990368e-03  1.53188663e-03  2.20727916e-03]\n",
      " [ 9.42539535e-04 -5.56969282e-03  0.00000000e+00 -2.72731682e-03\n",
      "   8.02256277e-04 -7.43358504e-03  7.91732985e-03 -5.70740592e-03\n",
      "   7.59891434e-03 -2.14806304e-01 -2.13309782e-01 -2.20512045e-01\n",
      "  -2.09871614e-01  7.88657083e-02 -7.81424158e-02  4.58235638e-02\n",
      "   8.94187191e-01 -6.26538247e-03 -3.74360431e-02]\n",
      " [ 7.53038310e-10 -9.16684551e-10  0.00000000e+00 -2.86293409e-09\n",
      "   2.94740699e-09  1.58159831e-09 -1.38600513e-08  1.01223042e-08\n",
      "   8.97331387e-09 -3.49281594e-02 -4.10756410e-01  8.33432946e-01\n",
      "  -3.25625370e-01  1.06008901e-01 -1.00088445e-01  9.03396595e-02\n",
      "   3.02949459e-08 -2.40019745e-09 -1.03481807e-10]\n",
      " [-1.27243226e-10 -3.05331893e-10  0.00000000e+00  2.99507504e-10\n",
      "   3.74775140e-09  1.87621907e-09  8.28973863e-09 -3.17011129e-09\n",
      "  -6.39099409e-09 -1.28671409e-01  3.62733958e-01  5.85579510e-02\n",
      "  -3.04587343e-01  3.63798330e-01  6.47987195e-01  4.51030632e-01\n",
      "   9.82064573e-09  7.79612940e-10  1.00919547e-09]\n",
      " [-6.75435212e-10 -3.21340691e-09  0.00000000e+00  5.29802322e-11\n",
      "   3.27863403e-09 -2.19071867e-09  6.08383184e-10  4.90617996e-09\n",
      "  -8.03370333e-09  8.94572892e-02 -6.36831614e-01 -3.15251070e-02\n",
      "   6.03000187e-01  3.02116360e-01  3.39459709e-01  1.23825046e-01\n",
      "   1.08225450e-08 -5.72249818e-10 -5.75699322e-10]\n",
      " [-1.15942016e-10 -5.66548845e-10  0.00000000e+00 -2.38049600e-09\n",
      "   4.37107326e-10  2.33465150e-09  5.23779267e-09  2.62131103e-09\n",
      "  -2.32800637e-08 -8.34279320e-01  1.39299706e-01  2.16635102e-01\n",
      "   4.79607738e-01 -2.28095631e-02 -4.93866640e-02 -6.82637457e-02\n",
      "   2.23248013e-08  1.78683740e-10  1.51759721e-09]\n",
      " [ 0.00000000e+00  0.00000000e+00  1.00000000e+00  0.00000000e+00\n",
      "   0.00000000e+00  0.00000000e+00  0.00000000e+00  0.00000000e+00\n",
      "   0.00000000e+00  0.00000000e+00  0.00000000e+00  0.00000000e+00\n",
      "   0.00000000e+00  0.00000000e+00  0.00000000e+00  0.00000000e+00\n",
      "   0.00000000e+00  0.00000000e+00  0.00000000e+00]]\n"
     ]
    }
   ],
   "source": [
    "import numpy as np\n",
    "\n",
    "# Compute eigenvalues and eigenvectors\n",
    "eigen_values, eigen_vectors = np.linalg.eig(C)\n",
    "\n",
    "# Create a mapping of eigenvalues to eigenvectors\n",
    "eigen_mapping = [(eigen_values[i], eigen_vectors[:, i]) for i in range(len(eigen_values))]\n",
    "\n",
    "# Sort the eigenvectors based on eigenvalues in descending order\n",
    "sorted_eigen_mapping = sorted(eigen_mapping, key=lambda x: x[0], reverse=True)\n",
    "\n",
    "# Extract the sorted eigenvalues and eigenvectors\n",
    "sorted_eigen_values = np.array([eigen_value for eigen_value, _ in sorted_eigen_mapping])\n",
    "sorted_eigen_vectors = np.array([eigen_vector for _, eigen_vector in sorted_eigen_mapping])\n",
    "\n",
    "# Print the sorted eigenvalues\n",
    "print(\"Sorted Eigen Values:\")\n",
    "print(sorted_eigen_values)\n",
    "\n",
    "# Print the sorted eigenvectors\n",
    "print(\"Sorted Eigen Vectors:\")\n",
    "print(sorted_eigen_vectors)"
   ]
  },
  {
